2642131
0001399
0254402
0672769
0874618
5655015
1140817
0290632
0334106
0424684
1097364
1204652
0186728
0566363
0768620
2008435
2566109
3602977
0271165
3425996
0707899
2163815
5196965
2473819
0644897
4187510
0160045
1757551
0001126
5194953
0398994
3453478
0004752
1080974
2835841
0568390
1279354
1474751
2619114
3535459
5211815
0355097
1959563
0001223
1527338
0133448
1324105
3469515
3653572
0551003
1380606
0540441
2395704
0413765
1305192
1739873
1955540
1517306
0005114
2284169
0640488
1470159
3815306
2185000
4268157
0001293
1564963
2534360
4448255
3725828
1782299
2200349
0438241
2368987
1162439
0724202
3089868
1479027
0169998
1168174
0831921
0000374
0089141
1640326
4132843
0726200
0541909
2442372
2518732
2266084
0860791
3347097
0399088
1367997
4866928
2602672
2107837
3236759
0698251
0363665
5356118
3028348
0474361
0855201
0553556
0004894
0804805
3834158
2751807
1915955
4674232
6305385
0010611
3644280
3361017
0199590
2075532
2953664
2130586
2637934
0002015
1838655
2447999
3196637
0560364
1735375
2942070
1294698
0000462
0279896
0851621
0432753
2610960
2060646
1269723
2321387
1098493
1595801
0000871
2371152
2860645
0496945
0718680
1342461
2037888
1210747
2861180
0001593
1485342
1086384
4658287
1306795
0004771
1024878
5446745
0258784
5077890
1726578
0003067
0000183
2315175
0511957
2978873
0597546
0915458
2671397
3045861
0005036
0202966
0137365
2361932
0531788
0507535
0641354
2258329
4197678
0791226
1408274
0566944
1473159
2013677
0697010
3864922
1829090
5961035
0236907
0000364
1020124
1974694
3170830
5242830
0000188
1999597
1574624
2545508
1940459
0933896
1040365
1391252
3982894
0135221
0175814
3317479
0004861
1002662
0574870
1088437
1299293
3377042
1045105
1543157
0245112
0940504
0386871
0000405
1382072
0113156
0061777
1664599
3237887
0842324
0048932
0004979
0000583
0175262
0183417
0316933
0898546
1489359
0653293
1801474
0787680
0004753
0913488
0707983
1795989
2933163
0404537
0325221
2425010
2859894
3027110
1105590
3511864
0932078
6383100
3389267
2561940
0461572
2834049
1236842
0547827
0001763
4297691
1258970
0328954
1421792
0380980
0278673
3045547
0835016
0000434
2649203
0005266
1685408
1101910
0676086
5307554
1260407
3685063
0001353
0908914
1506908
1254003
1442113
1584582
0412238
1318596
2758491
1018521
0035060
5725655
5911712
1074374
0936690
0799778
0081817
0410893
0002142
0319826
1002695
0514179
1372713
1408453
0651008
0396908
0001942
1105676
1594832
1763049
2717182
3227662
2642892
0000177
1678720
1555549
2113991
3034087
1567113
3664340
1057932
1291968
1982086
0000893
2428218
0919991
0005538
2030779
0239180
0552474
0671401
0737318
1024868
1340768
1720969
1159180
1800993
0828778
1319325
2874427
2697884
3265065
1216145
1968854
0711118
2368981
0420384
0000360
0629855
1399051
4978948
3839028
0001286
0919256
2218190
0278234
0169753
0396852
0514662
2088803
0068187
3977374
2149213
0005260
1870434
2063780
1142587
0004844
0727165
1467976
0936403
0840133
0006820
0929357
3130829
2113653
0440913
2124927
0000280
0502442
1893735
3303074
0748189
0047265
5513628
1596656
1417574
3300004
0822982
1239759
0002907
0000962
0026285
0364227
3561761
2877485
0829032
0322513
2608518
2642277
1801800
0005057
1942808
1318675
0689708
2687923
0005574
2029684
0521052
0000624
0004940
0098793
1627969
2288618
0869918
1580911
0002029
2965271
0118427
1631098
2656219
1074160
4198135
1627733
3275500
3330402
4495217
0026460
0550368
0914475
1037178
2269943
0337773
0004937
2363220
2441237
3303310
1029357
0174403
0305081
2542765
0491768
1295245
1982510
3392344
0875768
1366882
1450877
0004865
2054764
1468403
0652783
2168792
4739096
0100556
1938755
1758989
0394639
0795407
0427521
0624599
0741672
2218427
0235652
0534944
2978835
3124028
4586797
1740122
3355558
3896074
1357218
0104376
0284551
0050629
0002546
0935047
0000534
0419366
0993669
0291404
0599719
1446779
0507338
0250743
0578942
0480381
0297545
0135245
0461712
0224565
3056569
0581810
4678782
0382584
1394704
0635106
2103403
0953778
0000284
2152695
4474577
1128574
0500359
4535029
2416930
0001498
1138105
2414878
4391099
0751517
1247407
1279743
0306201
0000506
0384152
2620636
1633876
1326778
0439781
1140952
0000599
1700609
0000980
0746125
0752740
2273818
3217416
4547592
1941475
0504571
0853779
3491663
0494887
2835199
0880367
1347153
2293493
0108132
4571330
1737500
0763643
0000342
0004735
0004785
0623309
2124054
2185462
2657185
0558182
0560806
0346433
1218924
2205655
2413197
2002699
0000589
0516496
1187591
0340067
0001298
0738433
0430595
2290478
1836422
0592984
2641080
1664076
2125540
0527592
0000045
0838360
2924523
2998948
3029344
0870175
0046033
2811817
4263802
1218179
1859543
0525855
1136674
1900397
2411088
2587849
5399497
0456124
2906828
2377237
1192166
3556158
0005236
1041597
0537721
0831979
0870794
1419635
1708957
0647698
0328710
1216253
0347797
1872447
2764828
1083389
0003931
0563944
1036050
0000944
2604120
0324790
0889725
3508628
2443745
0357979
6234845
0227003
2104446
1930228
0000954
0748483
1291974
3341101
0796864
1186883
1344167
1145000
0580063
2484157
2765695
5693349
0948000
1489850
0433977
2194121
1722382
3374849
1482999
0088023
0787307
1717682
1592225
2751101
4378215
0000675
0001101
0000262
3932834
0406157
2202931
0291364
3002919
0415382
0103038
0267009
1579577
3560768
2832695
2143282
0400117
0432040
0146061
2298374
0281107
1419780
1063517
2595237
4536310
0234668
2315281
0424559
1290102
1668208
0605079
1102406
0000546
3363696
0077074
0990547
1715231
0326040
0249550
0958430
3515754
0470941
0512455
0994553
2494015
3355687
1192060
0265975
1249826
1429471
1445490
1762022
0002657
3128061
0005313
2261082
5873163
1345123
2705965
0824785
4204960
0643806
0495201
0001541
0002041
2091163
3082409
4876284
0541902
0445001
0000597
1367819
0612437
2474692
0312077
1354209
0005443
0761052
3124220
0005174
3687570
0004918
0715622
3226241
3073670
1504572
0836232
2047859
0202184
0954877
0134072
3439965
4480988
0035664
1032208
0832380
1950996
0010172
1092107
0001231
0267812
1122614
0114175
2973459
0749104
0532193
2003229
0727810
0084426
0272479
2115545
1033193
1877460
0197026
1944055
2730808
0170912
1985495
0769793
0671032
3398681
1009277
2706124
0289716
0894599
0205789
3017782
0634240
0164540
0541141
0004906
1214435
1467403
2202521
0915762
0403652
2485073
0454955
0006713
2372275
2682705
0004968
0198408
1616423
0005534
0103307
0002801
2380651
3648839
1526223
0343447
2782848
0715327
0524331
2666566
0150707
4565194
4317522
0670779
0696387
2106423
0000582
0001598
2639311
2358624
1156709
0738452
0005180
1705502
0381035
1370821
0215229
0401628
1104232
2381707
0397712
0676856
2274783
0544334
1667364
1265337
0801051
0001075
0005218
1482237
0257821
0867240
0140090
0948272
0000648
2376318
0345587
0724460
1456426
0070594
0914758
1878999
0001973
3096939
3341026
0005445
2015599
5476978
1696205
4156656
1918312
0524197
0000304
2110810
0005177
2057822
0004871
0001530
2382004
2639722
1416900
1929906
3341618
0000880
2090395
3775423
1190513
1260969
0752699
0640744
0005210
0803136
2655690
0868808
0249291
1000000
3637250
0168591
1287507
1468085
3181865
3583022
0628606
0543316
0359375
0616550
0922035
0174819
1261997
0689187
0497891
0004975
0730662
0115816
2100081
3712746
0597388
4461361
0195311
1765073
1335769
0665822
0654240
0157612
1956478
1502383
0226312
1947831
1549063
0788340
0623413
3388331
0209246
0931227
4252139
1482647
0001569
2555034
0001736
0001326
3545841
1090271
2720731
2093546
1404235
2761710
2128467
1972622
0117022
1962872
0703725
0075666
5336712
2391842
2217370
1191714
1182008
0852957
4090878
0484541
2966102
1732318
1795464
1024677
1501262
4093715
1284939
0193631
0104205
0249427
1078628
2772986
0004889
0003577
0539414
0813812
0737533
0929814
3402180
1597316
4025482
1367842
0456320
0000394
0001519
0408284
1752714
2225138
0736263
0339011
2843959
5142374
0567162
1081016
1094168
0532235
0420792
1822183
0919616
5605786
1439230
2475029
1059359
1138880
3031251
0638762
0911431
0005454
3103226
4729433
1355813
1622151
1831976
0688057
0001572
1742537
4315795
1154152
1316767
1355324
0086205
1314546
1920902
0468568
2034147
1589004
1049613
2816104
1361364
0003353
0000691
1054259
2336113
2169537
0832906
0458514
1952725
0082211
2290876
1587775
4298048
0321621
0794269
0726994
0682970
3597090
0625099
0001266
0901734
0002239
3117836
0320234
2436905
0762424
0427358
0004731
0001743
4572322
0760989
0150457
1039977
1122026
3987668
0206359
0153779
0573172
1404034
0625075
1102023
1261965
1787651
2924932
0003071
0331772
2201555
3385431
4421617
0501937
2635804
4831148
1028530
0261435
1922787
2407968
2414411
1335961
0578615
1058987
0482941
5096181
4449941
1370269
0000484
3560322
3056623
0597450
2714273
0395777
0000657
1709097
3050478
2720650
4487976
0324556
0084370
0483136
3186064
1534207
0371154
3920288
2325066
1986960
1987272
0240797
0079430
0004991
0890232
1617837
2315743
3349100
0514228
0951148
1058940
1395602
1502434
0053230
0702809
0892340
1218835
1770866
0227867
2554546
0135589
3624302
0680983
0001493
0756089
1102140
0000535
0805476
2104193
2564938
5971068
0116456
0005302
3492983
2185009
2517103
1956452
0272581
0859821
0564680
0837177
0876958
2448905
0359144
0005211
0507381
1724323
2804503
0759992
1214463
4041235
1815768
2264610
1724687
0425982
1890629
1269733
2359285
0000760
0063800
0626069
1580243
2711305
0544718
3090922
0002800
0958969
2104370
0124798
1469236
1999350
0072435
0007814
1883548
2040932
0800939
0001491
1055413
0547584
2282610
0357816
1617964
1694548
0821739
0000943
2999543
4479375
0199809
1183149
0231436
3598507
0000652
2935123
2160056
1192319
3241371
0001092
1039877
0304872
0654648
0335300
1703463
0661910
2194746
0420955
0926615
0348409
0172557
0001525
0004724
1168657
3819615
0434444
2984460
3883399
0302956
1320997
2554990
0701747
5949163
0947166
5349303
0148448
2286416
1024568
0989182
6039617
2244205
2235173
1495175
4869921
0005441
0005000
0911933
1105254
0527945
0036553
0519933
0701457
0923736
0000282
3208214
0193046
0004710
0402137
0565371
1920143
2565613
0001097
0426059
0271915
0002901
1824654
0649101
2744552
3470283
0153002
0507814
0059382
0204322
2647420
0426432
0003506
0624702
0735467
2437267
0785842
1447142
1776088
3016021
0005136
2409479
3685072
0566052
0001187
3862031
5937337
2023513
0171059
0000521
0002122
0448486
1968605
0892157
0935721
2540339
0091553
0836176
0700856
0817780
2451514
0005551
1034386
0002653
1443527
0004956
3091396
4065744
0662475
1066970
2824707
0890355
0741461
0000642
0888559
1372357
1941237
0840391
1265461
0040653
4535518
3742969
1531180
2079710
1046845
0545165
0946481
0137856
0745257
1065012
3801884
2073546
1265239
2035886
3027311
3409160
0158966
0703800
0527109
0513281
1085727
0931656
1106415
1408707
3019764
0601041
0582462
1899494
6549862
2886599
0564697
0344603
0000207
0936298
1092221
1026120
2440067
0692061
0001629
1795909
0076482
0132843
2681284
3652766
2738234
2967091
4448905
0471258
1365855
1268047
0038918
3010029
0081540
0002033
2719825
0195672
2166432
0811124
1330023
0004830
2534377
3869087
4282631
1532078
2668785
2306701
0571964
0400441
0002006
0395097
3040011
2796047
2721207
2691205
0750037
2821660
3712799
2007030
3650004
0807501
0724116
1885160
2279869
3909894
0641610
2378329
1549341
0523590
0187843
2869419
0949477
0749570
1603580
0421332
1044403
1947468
0300712
3018179
2652716
0736622
1456763
3354583
2729847
3101039
0001438
2086223
1581335
0819850
0380632
0680603
0012078
0467730
0005362
1075513
2397459
1123709
3510471
0336701
0542759
2416359
0898199
0484880
3220245
1480747
2924626
4990557
0919909
3398631
3912910
1236459
1366703
2957438
1792091
0472595
3470973
0491204
0495115
0785227
0202603
4423549
0659601
0387521
0685277
1898126
0005439
1797856
0426205
2652120
0677882
3078459
2143034
0176384
1794268
2574248
0672103
2038226
0376944
1525114
3635793
1827430
2439805
1435062
0001554
0001971
0176921
0005305
1738092
5875151
2356456
5583008
2551131
0259433
0715314
0170186
0252230
0006473
0292719
0182666
0702296
0000211
0088298
2316016
2114318
3163249
1888098
0803896
1435181
2957696
3030668
0001484
0661164
0355910
0260632
2624819
2315600
1051350
1824575
1237494
1863652
1472917
2201022
1041074
2179873
3387525
3240293
1668582
0608856
3237775
1168909
0005219
0343472
0231458
1567202
0743501
2427168
3316483
2935259
1258830
2650334
0933959
1910485
0676370
0515225
0189200
1309643
0504762
0001542
0740400
1042642
0535002
0176428
2103508
1991503
0450714
1738420
1926655
0893965
0080524
0694796
2397366
0281451
2366492
0684585
5934349
1555489
2610425
2172589
0636426
0817353
1839981
2928029
2259543
0805429
0005522
0005171
0858573
1792864
5073287
2772468
0539332
2765519
2940434
0909144
2454994
2598382
2946893
0001108
0621726
0951420
1204858
1489950
0001071
3544366
1537825
0935616
2464456
1645313
2490071
1000853
3036754
4061809
0004286
1882929
1959505
1963477
3284401
0000646
0932454
4134911
1977474
2240346
0230859
0763590
0628120
1587232
3610078
0001251
0001806
1380193
0514516
3048050
2003067
1013044
0000533
3129791
0000630
0000977
0194900
0887144
2914452
0206760
2301950
3090925
0733196
1787884
0144180
0529328
0001274
0206176
1223326
0531595
0817339
0226813
1902016
2551311
1552693
1476591
1382356
0005401
0000614
1143151
0614249
4626694
1490835
0851582
0120349
0149196
0283299
2513386
1238555
0623993
1232261
0001168
0395228
2244220
1886907
1754593
0000208
0888468
1708781
0630379
0816876
0001065
1564072
0071275
0325018
2017943
0342241
1736507
0629334
0005352
0004802
0517059
2007325
2213728
0916406
0378200
1058513
2566469
2143655
0193041
0055097
1842419
2342402
1765672
2310307
3143506
5092806
2197593
0291253
0880813
0584206
1054204
0580351
0005243
0001879
0151419
1868654
0000837
0593511
0666398
2186682
3486640
0057368
0097467
0525921
1149633
0761389
0321325
5559534
1113529
1302735
1466049
0097504
3187851
2100755
0032741
1085951
1396715
0494774
2681750
2570429
1468739
1683768
0135895
0327273
0000539
0000386
0798779
0005127
2718826
1146910
0005234
1807350
2407903
0001290
0519871
0675036
0691205
0404809
1557614
2284889
2831386
0005256
1211485
0188027
1911138
2650700
3368222
5490181
0591703
0001735
0143261
0517535
0655585
0141853
0502342
0691925
2419161
4076871
2319871
0773603
0000446
1351987
0751638
0001412
0582418
0615063
1460227
2176129
2405454
4533198
5475949
3122006
2809577
1058934
0385639
1675949
0001567
1253636
0751518
0005351
0633042
1700905
2395586
1574897
0000777
0222336
3070255
1740248
0005202
1092227
3412484
1497548
0005063
1046097
0503059
2800059
0576088
0943180
0000801
1943692
1084962
0283492
0991849
1081113
0423099
1868149
0922024
0191310
0410622
2336481
2948913
3725482
0721332
3278954
0178886
0320179
4477072
0005318
0000352
0957909
0212278
3305207
0262521
0001802
0001857
0095751
0349947
1840748
0930397
0416449
0596404
0385320
1102577
0115010
0001521
0372961
3173310
3315161
0827663
0915462
0604430
2341550
0396924
1502511
0460843
3272529
0175633
0446672
1161069
0067697
0093589
0753839
0881131
2995525
1479002
4013413
0541082
0000601
2489523
2795757
4422265
2010431
2845802
0005271
3467148
0173138
0422710
1343003
1506581
0292594
2366374
0715104
0319171
2116769
2267814
2955013
0364117
3272417
4020291
0001774
2588606
5562809
0462407
0878954
2641518
1836923
0081572
4161982
2740656
1471036
0223315
1782667
1968873
0314554
0601602
2531905
1319062
2685937
4476394
0211042
0571728
0142746
1442561
0481547
0098378
1384807
1715118
1203673
0935653
2405736
0725200
0842001
0766992
0000688
0695560
2819316
1526554
0195439
0370035
1942916
0005150
1801063
0688495
0721593
4045867
0015913
1021774
1648680
0511349
1846132
0001388
0559144
2421475
0572442
2325861
0130191
2714295
0659711
2066902
0974348
0002120
1674835
2301775
0168186
1920049
0931090
0490855
2046862
3208606
2168166
2527586
2452520
0103971
0001808
1144458
4418099
0786149
1388699
1062852
4705288
0383213
0782213
2794212
2586351
2698856
0876645
3504430
0899121
0001398
1939016
1569270
0147310
0669693
0686470
1484270
3779137
5804957
0728936
0618417
0004284
1985962
3066543
0774386
1661954
4959070
0743671
2315828
0001368
2105766
2997484
3072349
0498449
0000571
0001416
1963155
3387844
1468756
2674119
0453304
5398610
0011038
0758597
0004456
0313534
0001018
0929330
1759326
1148573
1785339
0004939
0005399
2115111
1533927
0830317
0634984
3083350
3016197
0320788
1235599
2588665
0531772
0896680
0791642
0501399
0242882
0026447
2005379
0512963
1429883
3094119
3950623
0656211
0646440
0220735
1211525
3894551
2601144
0005292
0771715
0134922
1840138
2380515
0034390
3104621
1061672
0513964
4661932
1018844
0001282
0254862
0812954
2023672
3476654
0335494
3095182
3285193
0325214
0118617
0365501
2141112
0000695
0024404
0310966
0005561
0377281
0376602
0528761
0359577
0919361
0619549
0124079
0857253
0502015
0201094
0364583
0374757
0926327
0746273
2733188
2292253
3123304
0692850
0004965
1745775
0005540
0385293
0924154
4341913
0946734
0958597
0132257
2101375
1783208
1919229
2572554
1024093
1329794
1160809
1312563
3994408
0005224
0765897
3862073
0001138
1467289
4517623
0707795
0726630
2680758
1683380
1176867
0159789
1310016
0001154
0001640
0536883
3930178
0933687
1752259
1870939
2571007
0934136
1513409
4292045
0647634
2068559
2467078
0869096
1671501
0001845
0924075
0846687
0562674
1119283
1679669
1200730
0005452
0005232
0879891
2657634
4690180
3733589
0001048
1179677
0005435
4153138
0910278
1920835
0868514
2259929
0733427
2746781
0756830
1115893
2692138
0355024
1823008
1875749
1428874
4588939
0643679
1089685
3946231
0914418
0819079
0316531
0414396
1200748
2091462
0722525
2076652
0234928
0447290
2064685
0413659
0817027
0671723
0677597
0002325
0498713
0005396
2046161
0000991
1050671
0942668
1678587
2524050
0818166
0623811
2377802
2608141
0001748
0001565
0223213
3637755
0686818
0000651
1692986
0001436
5083794
0678656
0663999
0527523
2091692
0808022
0126004
2014237
0882927
0203508
0262968
1046829
4203692
0507314
0091773
2655177
0453115
2215447
0073678
0789478
2911791
3034542
0904967
0334159
2163625
0180094
1295445
0891254
0828906
0095478
0001043
0000157
0440445
4774362
0365755
2536115
3216273
0488662
0752109
0005231
0798014
1542551
0004904
0536461
6317420
0240629
0002127
0594898
0005012
3892016
0316078
0507006
0083348
0619365
2055501
2930503
0152035
0569295
0001199
0909387
1486831
1311329
1745749
0760793
0264525
0208704
1498025
3384931
3333545
0115161
0004748
3193774
0265569
3089283
0003563
0452347
0819908
4958201
2461627
1503383
1347765
0785452
0553269
2492819
0108897
0257598
0608440
0450857
2864046
2598726
0839934
0234014
0816435
0398427
3949052
3473527
1144419
1659661
0004787
0311476
0350638
1395858
0000344
4718905
0108819
0864812
2278177
1401995
2728330
0059654
1392388
0260300
1844052
1933128
2336905
4644635
3356995
0004912
1164725
0243355
3014081
0665114
2460933
1473176
0552222
3013578
0272401
0007018
1494536
0066664
2199194
0001384
1412086
0445291
0944702
0079890
0807594
3755005
0507852
0570771
2797291
0001590
2850355
2315511
3220578
0227282
0065493
0002077
1769908
0415066
0089485
1386645
4891959
1172764
0408336
2985110
2683090
0297578
2314705
0001858
3290049
2724148
0232852
0258360
3903448
1270688
0000515
2252255
2641597
3075313
1095720
5225691
4415900
0230155
2951768
1523478
0074794
3078850
0005314
3875952
0005354
0372809
0005576
0571537
0167859
2180792
1014366
0219748
0451193
2194827
1140666
4832920
0712908
2045573
3863781
2654999
0400744
1443450
0352374
2773557
2117181
2996574
0001670
2845951
0004376
0005254
0961436
0258200
0034733
0759350
0000729
0702841
0001292
6230258
1435348
4500258
3319591
1976603
0000725
0318703
1864842
2340533
1035503
1640384
0950220
1545471
0000448
1382799
4968394
1643086
0834947
2197298
4161712
0188687
0763873
1854992
0553468
1982266
1206614
0663546
1412809
1007404
1817682
2778747
1070820
1977856
2800483
0703363
2448361
2799457
1249883
0109863
3837388
1054247
2161732
0004137
0424848
1468333
4075380
0005203
0623604
1270095
1335291
2444133
1340697
0001287
5197836
2522291
0479334
0000998
1411676
2147871
0937264
1384332
0000365
0005221
3784252
0000782
0446175
3143135
5280381
0172472
0598241
1328559
0310116
0954225
0217936
2793591
1576079
2215143
0808156
2147876
0197647
4314368
0005295
2852933
0341176
2075994
1967566
1040577
0455663
0004691
0857201
0807698
0005029
2197708
1116914
0903684
3357905
0001518
0427714
1975228
0137272
1310137
1479022
3041648
1564103
1119726
3958008
0152638
1043094
1999952
0000525
1947618
0521507
0010956
0405281
0912966
0309430
0001061
1925806
1169490
3875284
0000494
3994768
0036107
2445328
4183917
3180549
0006663
0446465
1109559
0492924
1926948
2789267
1630927
0000881
0248660
1249256
4074525
0168850
2054268
4109220
2744356
1679802
0010075
0744776
2554724
2640887
2079681
2420725
0004936
2155525
1219010
0160840
4342873
1717152
1112874
0209397
0021627
1615486
1229204
1064086
0445180
0510168
0001494
0002332
2728724
2043234
4687936
0919363
1385871
3232025
0001367
2706290
0041413
0005312
6189742
0912962
0005307
0000538
1526673
1813440
0915989
0289656
0910472
0941966
1581440
2387795
0199920
2196388
1002633
0072093
1478996
0799706
0498517
1973422
0799807
0385032
1666948
2506210
3341483
0453746
0421822
4152547
0144843
0593310
2210947
1398810
1343331
0005373
0506613
2679438
2840629
2175573
2409723
3857608
0691547
1534700
1501624
4364670
0000868
0031077
0291711
2253666
0573097
0255373
0974080
2062857
0005280
0000889
2655687
0520510
0660244
5157403
4568815
0003210
2444107
0000562
0394014
4181758
0607375
0512386
1950086
3180390
0435695
0004782
0005300
2303132
0565336
1028991
0276253
2554701
2434990
3572691
0864037
3096944
0930286
2210037
0001688
2056203
0935664
2373966
0802108
0000792
0005558
0370085
0698977
0898597
1408015
2536723
0552509
2502700
2143951
1466221
3274388
0820452
1993409
0001738
1067787
0184990
4668986
0000189
0771493
2373963
0001315
0027271
2331531
1519666
0399494
0957772
2245139
0170306
1248730
0581953
0191679
0000499
0000708
0728762
0728579
2811823
2253408
1909596
1065785
2222264
0935663
1280183
3020898
5040896
0614141
3190384
1648391
5445402
0645781
3747914
0000387
2323939
0267512
0001339
2974788
2341870
0101799
0382920
3034629
0005166
0088502
0031378
1312575
1267901
0221983
0004133
0388382
1405912
0775455
2446757
2218397
0973974
0205772
1640351
0058372
0445987
0784818
0796235
1083199
2442289
0707248
2476500
1934618
4391932
1782571
2123271
1688469
5251016
1587813
1912766
2111352
2894092
0001217
0000439
0791968
2454294
3819588
1065229
4992243
0885840
1062634
2055855
2256017
2452802
2555249
1132594
0278752
2612741
0684877
0001668
2066764
3845763
1018679
0130623
0771414
3811523
0002928
1591666
1130728
1680142
1817240
1333379
1754239
0212832
2099110
0859450
2259632
0414481
0001307
3692558
0487254
0001263
1685658
0776584
0006439
1864639
1204760
2062691
0179173
2288842
0005376
1022429
2519517
0000240
4481235
0654110
0068117
0571327
0579728
0153297
0493096
0636280
6487924
0646241
0019015
0069079
0343082
1321094
0005167
0231425
4334838
0608090
0928795
0271501
2189680
0001442
0154763
2439111
0004987
0005552
0687443
3578998
1125745
0166505
1847117
0650905
0067768
0005129
0000099
0416872
3158751
5117177
0005502
0804670
1980968
0001787
5554445
1506663
1732262
3944583
0083487
0005703
1659348
5134284
1822410
1827548
0004705
0158632
0524528
0005383
0105876
0536630
1690632
1396022
0272899
2371196
0004812
0365140
1340129
2948360
4570220
0502425
1784926
1721054
0043041
0544611
0109359
0706716
0151250
0112085
0344435
0780934
1591894
1425528
0001880
0005497
0893620
1767737
2216125
3842480
2060371
2710528
2383584
1297428
0186915
1453439
1048035
3840810
0651067
0614165
0082909
2603679
1507417
3587383
3897694
1218757
3891645
0001797
0054950
0556296
0484178
1067251
0607185
2270441
1232470
0352230
1443306
2608673
1128600
0017524
0576883
2959267
5728349
0005176
1042825
2808844
1444615
0387432
0413832
1490362
0092961
0005209
0013065
0083300
2473076
0038458
0363816
3018796
0766708
2079733
1649265
0642374
0348347
3185569
5478140
0037410
0638412
1183205
0004841
0003779
5308070
1050780
1168724
3152330
0005529
0630865
1218621
0005239
0005016
0631413
0207218
1817261
0267623
2969725
1018990
2179180
2525176
1663205
0000500
2758930
0004993
0200981
1043501
0797464
1443740
2114153
5106460
2052793
0000696
3040363
0946148
0876375
1631505
3210677
0448204
0462712
0608601
2980899
0422205
0190931
3317445
0326988
0498572
0936482
0424534
0916617
1274907
0766697
0022306
0557859
0283945
0420738
0480465
4348533
2357750
0947044
0001086
4436641
1534917
0956603
0001147
2022000
4086622
3385996
1717570
1440912
0826992
2921854
0614682
0121026
0762466
4000704
4137140
1862751
2490653
0001127
1670773
2554232
0275417
0001943
0004868
0000637
0004866
0002124
1294664
1215600
0409430
0946888
0813887
2438725
0001103
0535014
0606637
3127187
0564350
1075955
1676719
0000350
0245176
0663469
1235585
1835900
2554047
2624568
0948267
1468568
0161133
1268748
1154719
2275298
4586904
1546474
0005533
1239766
2633241
0004982
3024712
5666714
2318792
0001595
0540795
1235550
2907014
3515381
1986095
0520234
0075359
2531572
0001026
2326144
0034309
1007554
0683467
4746337
0000665
0004986
0005415
1308076
0001063
1846274
4122314
1232808
0176175
3470753
0440229
3800780
1788143
0022323
0005020
2771607
0007363
5202053
0005007
0001540
0435323
0506699
2925389
1010931
1016428
0950935
0249525
2235721
2359000
0599017
0400606
0005157
0843182
0452860
1591869
2338599
0000815
0615050
0001529
0286790
0853140
2981816
0002956
3019109
0438669
2792064
0336782
1172901
0009190
0636991
1307426
2070219
1021408
2278559
2454067
3833514
0628170
0950620
0397194
1681512
2218213
1967673
2421181
0313464
0244011
0031162
3496251
1073992
0489436
1388690
4459426
0000609
3500398
0888496
2328628
3970180
2466273
2860844
2616776
0001400
1175188
4883718
2745420
0001081
1074355
1214657
1287636
0693090
0942482
2316017
0272474
0703939
1890655
0436751
1078414
0170550
1408216
2316879
3792872
0030136
0920274
0891895
1336765
0114256
0637518
0005366
1128572
1340638
0606924
1655038
1534182
1598366
2067953
3550939
1525011
2005998
3981330
0941777
1101381
0002105
1382692
4546227
1458629
1967231
0074477
1366616
0470323
0001062
0545335
0281575
0538308
1438612
3181675
0170642
0301178
0041864
0066972
0253143
1355362
0194885
0004859
4740006
0541561
0863462
0349688
0005059
0000169
3545397
3411754
0653952
3794219
0387987
0694336
5664432
2397348
1387055
0005120
2677515
1252435
0005353
0922342
1873204
2112374
3762213
0000174
1025616
0512560
1900981
0768154
2875873
1152538
1123863
0230130
0864308
1944254
3399027
0424762
0373571
1708928
0387826
0548335
2519563
2554469
2142502
0112932
0254395
2235400
0745484
0532778
2496744
0641097
2311683
0001869
2554206
2353862
0811967
0134647
0883195
1404488
6002497
0372176
0263761
2922672
2813912
0003888
2758375
0263759
1731786
0177846
0839486
1855099
0932112
0917848
4682545
0121404
1020089
0000555
0755074
0945131
0722636
0704270
0729256
1641089
1104954
2192632
0092677
2580573
3236159
2554082
4596402
0831557
0124666
0035626
5373057
0004909
1036340
4359869
0114371
1601061
0005022
0615312
2381783
4681922
2765193
1000737
3918035
5498592
0124964
0570604
0029400
3598310
2362068
1021417
4823546
2265977
0929840
0925220
2457005
3069557
0690743
1404462
0406012
3794498
0768614
1342841
1450016
2838320
2440627
2070105
0041281
1807923
1736667
0429363
0001778
0000902
0680838
1187731
0005191
1009589
2775830
0543383
0005077
0698230
0001550
0582149
0791723
0453091
0367724
0931958
0000694
1816903
2942175
1497570
0001760
0611015
0892489
3018358
0021112
3142219
3004904
0710271
0115760
2584600
0095017
0593664
3078995
1569714
0222922
0887272
2420901
0921979
3692767
1495451
0143309
1229677
0865949
2946800
2734807
0198306
1091063
2610277
5873274
2233157
0683253
0174966
1432956
1728201
4476887
0598413
1723177
0008543
0043807
1861624
3427195
2313103
0167776
3724648
0005468
3747326
0001218
0639754
0385722
0611827
0913587
0739645
0105471
1878206
1970481
2773075
0005379
1312338
3378700
2384847
0005484
1942596
2921651
2060229
0217388
2259079
0001835
1187340
0001235
1034247
1523899
1642290
0338292
0004978
0339877
0843100
1346230
0205795
3033454
0213070
0636142
1876221
3265508
1933992
1625479
1981893
0001037
2371735
0270451
2271520
2357516
0565250
0649460
0958790
5274598
0000575
2348805
1750737
3241009
1827469
1127262
1065454
0291205
0007210
0384069
1036181
0001005
0382819
0000997
0006575
1508859
1457826
1293475
1968140
1182955
0003620
1309437
0383603
0095209
0065890
1829292
0726773
0005045
1199107
0000356
0005048
1944193
1324246
0153738
2019271
0219292
0515116
1192856
0810218
0399239
0004884
1720134
0003078
0659763
2210869
0969651
0001605
1493135
1933606
0520579
2779416
0210584
2044920
1190376
1020176
0658252
2206574
0034365
0944688
0200005
0757855
2642694
0485807
0080049
0001499
0111927
1443644
1406730
3183762
0020264
2542861
0407704
0017232
0001089
3408718
0001863
2095375
0000709
0500614
2998321
0000383
5287030
0000310
1556320
3100332
3343487
0410455
2388621
0005015
0713393
0374865
3862996
1880888
0099424
6266630
0095746
0792156
0490707
1967893
3269734
0560962
1667407
2554080
0521974
0000693
0251678
0605541
1667678
2242337
2907225
0371196
3247564
2209370
1023018
0005420
0390285
0121400
1956803
0512934
0185354
0005130
0683379
0110168
0726167
1538095
2195381
5680642
1683094
0211040
0753737
1256532
3280437
1638365
1530860
1227579
0760796
0000457
3946610
2142336
2900948
2758355
1551922
0765392
2366079
2322192
0274704
1494168
1614968
3896677
0838911
2071296
0199312
0308219
0584482
0342399
0043662
2769412
2859074
3299784
0602902
0877481
2591890
0004929
0037219
0002916
2862041
4274308
0117826
2294576
1490516
1936317
0032658
3458968
1555255
1924585
0024227
0002140
2062561
0163806
2490521
1291934
1499462
0347375
0149669
0447337
0542000
2470854
1144767
2340362
4032297
4412986
0019172
1652277
1026237
2596942
0379010
1113895
0004954
1120597
2758963
1617857
0467664
0687146
0186844
1112175
2625538
0962261
1245547
0028220
0000803
3388503
0736204
0085860
0004933
0204794
0832326
2235318
0641972
2158803
0642145
1053961
2618541
0189144
1226817
5100367
1773060
0707476
3444884
0004736
0001698
0246742
0573618
0835426
0005173
0096184
0518312
0197453
0203567
0752407
2162042
1004211
3200217
3665937
2867712
4356583
2773091
1458584
3019061
0636942
0196117
0050737
0828226
2408572
0279727
0549526
0125533
2728720
2524200
1626327
3400330
0237838
0080212
2906935
3733434
0269077
1429380
0565596
2691837
2873822
3136962
0438882
3072529
2222378
3471005
0589926
0897583
0006878
1775404
0693799
0266611
1520988
1807755
0525659
2161450
1878024
0001548
0358669
3891097
1565066
0331577
1803552
0478762
1020036
0931291
0439344
2720736
1190859
2905729
2865562
0900053
1418068
0217716
0598569
0935395
0001764
2781377
0449070
2210752
6109225
0305272
0908446
0216469
0688022
0186761
0591373
0346550
3706952
0510947
1368695
1169819
3338776
0327779
1291892
0602844
5164828
0333911
0627995
0641389
1621811
0905351
1854386
0829390
0194971
0412468
1679014
2924479
0000512
0381723
0005095
0360515
0399170
1265635
0515753
0000667
1285540
0706883
1998942
4804343
2338912
2722630
1062506
3182094
0836432
0630524
1616991
4566652
0848286
1002978
0582257
1213456
0003928
0441225
0402694
3146486
0151540
2019677
2572220
3240202
0810653
0191412
0940422
0123092
1995091
2765472
1390233
1443616
0839933
0167139
0931329
0858525
1796520
1501388
0229930
1166613
3038155
4898323
1929743
0054168
0110317
1013239
1296943
1456970
5604363
0940173
1291227
2008890
2148025
0996651
1564327
1837970
0557392
0014960
2171153
3879977
1477020
3295292
1980323
0002091
3158974
3057402
1312073
0563339
0000271
0152671
0614877
2452107
3849842
0004917
2524326
2069547
0689185
0000510
2315359
2542896
0024511
0001762
0586994
0670340
1005233
1837701
2081900
0001170
0287266
0749303
1712323
2460100
0651159
1534707
0225528
0276312
1148918
1753038
0394012
0852668
4770772
2089891
5630205
0174374
3135911
0828307
1026223
1911958
0917060
0003082
0186030
2961085
2046329
0004745
0219430
0149950
2792296
5293695
0656335
0682063
1626150
3041217
3192886
1062656
0000623
1336973
1351042
1235280
0005042
1280538
0038355
1643380
4342178
0001953
0001107
1984458
0335242
0390229
0569079
5675606
1349376
2186988
2084473
0815204
1903153
2410856
1462868
0082526
1970642
1227232
0918015
0023927
0001334
1785209
2078761
1303956
2466188
1451415
2092545
0230655
0066586
1023127
1035477
1101127
1950031
0356021
2159829
4083302
0283311
2277525
2965656
0006669
0546640
1951583
0004692
0002055
0001208
2200599
1242688
2676255
1249950
1992190
0317727
2305429
0815800
2762898
1560043
1001663
3094263
2720794
1535594
1577253
0919369
0616475
1797556
0001069
1935905
3075157
0275277
2417786
4100053
0461355
0726939
0940333
0925316
0283147
0558244
0852466
1472010
1775614
1844114
2725201
1678063
2130844
1289281
0531095
1544217
0832314
3668917
2623902
0237711
2615689
3659465
0246686
2057859
0001444
0758574
0925234
3838034
0973177
1395581
2836885
1983862
3220515
3437115
2937132
0575216
1679778
0001118
1146916
1160472
0247860
2289780
3363032
0001675
1592117
3117780
1555161
0245596
0790264
0528203
1617685
1131626
2195616
2913275
2338470
0267124
0001507
1508526
4513469
0015196
1783154
2554052
0005208
0076886
0162233
0613147
0005501
0263577
0001662
0001746
1531832
1458974
3925368
1200692
4304014
1035548
0005437
0809613
0146536
0670780
0004248
0444196
3221454
1894182
0381043
0261170
1725322
1276442
0420941
0000411
0050156
0121966
2174090
0042212
1900772
0418339
0005466
1285227
1335133
1443641
0033509
0682170
1344103
3597775
0718254
0878638
0295103
0898595
1348102
0000351
0958520
0004852
0001780
3721715
0922064
0047999
0215487
0719637
2200632
3602819
1504650
2656786
0213450
0461746
1750524
1905072
1837588
2080328
0387470
1382563
0001068
0004957
0091136
1727317
4877258
1128099
0309129
0370361
1197237
2063018
0949810
1224290
1368796
1941211
2336135
2492168
2972478
0154833
2976716
1497330
0056041
3950210
0504319
3773347
0742772
0503624
1831466
2244284
4697554
0416699
0043704
0582811
0085257
0903901
0424787
2080933
3400424
1368825
2500832
0724187
0200905
0401264
2849965
2837036
0890809
0940671
2353430
3371502
0006987
0055455
1938686
0735226
1751474
0000809
1228007
0000482
1019691
2129812
2325236
3297698
3614131
0004739
0956526
1377375
0479999
1671147
0462094
0615266
1012967
0648920
0899681
0424253
0810685
0001599
0605775
5621307
1190360
1851981
3127000
3285044
0000318
0000996
1890784
1989961
2724776
1263747
1847556
1847099
0255112
0226597
0003494
2809337
0171206
0678816
2652095
0909768
0076167
1177028
1452428
0372958
0727176
0920992
2154519
0942367
0881279
3862423
1080067
2403277
2666784
0854418
1373094
0528331
1097351
2467538
0269616
4855952
1076601
0001172
0136797
0624900
0220183
2554000
2178959
2541974
4097598
4836884
0000388
0005475
2177289
0734985
3205229
3620810
1014989
0627492
3251250
4716572
2583725
1357620
0388933
3096614
0222867
3702531
1476924
5902240
1292126
1483196
1211448
0523350
0199139
1296783
2462441
0001373
0305083
0366433
0401018
0761078
3345359
0484626
0656929
1965525
3441675
0187724
0514076
3964350
2820859
1065316
0236177
0006786
2348115
0117339
2900452
0000433
6304911
0004809
0937016
0298281
0004792
4129745
1197173
0001752
1107001
1814260
2367823
2016685
0004426
0001714
0915814
1167985
2158763
0224007
1310368
0792542
0148869
1963817
0732187
1473267
2526497
2966255
1483743
0000461
0087799
2632376
0593961
1663772
1787397
2459822
0992562
2213333
0005355
0316079
1155450
1728824
0378363
0004747
4511271
0706666
2797283
0018176
0406975
0000324
1232226
2824966
0636694
2576494
0923266
3195032
0770005
0513010
0661703
0108765
0189476
2287225
0182471
0992694
2121541
0463351
1337982
4263992
1631845
0000749
0091899
0792177
0914848
0858686
2223280
3332017
1893123
1710309
0437654
0795290
0180411
1837723
1273227
0000524
4708943
1925563
1910255
0650702
2096077
1244650
0527572
2610032
0001404
3344404
0144187
1716662
0632383
1817835
1454979
0617009
0960912
1640086
0840430
1965791
0203301
1789336
1490275
0787447
0005115
0304830
1001446
1989779
1662547
0868330
2788999
4526040
1215300
0563105
1157053
0004928
3735092
5283241
2246968
2405238
2550796
0224616
0906547
1490300
0330687
0001873
0476334
1702331
0001568
0003807
1775716
2150555
0413656
0674231
2892755
0001630
3164196
1867078
0000286
2023425
0599727
2206922
0009223
0878152
0086883
1711052
1821051
2916225
0185104
1270009
1727905
0328751
0832569
2047955
0020751
0698707
0293509
0005393
0779325
1206265
2887667
0819660
0319213
1113550
0004838
0518718
0653248
1022732
1974920
0316455
0276490
0934637
1393246
1429242
1237219
0763650
1107254
1448832
1505955
2803689
2415436
0891863
0804923
1802022
0961287
2831164
0001951
5786096
2362659
0655959
3919369
2604149
0333410
0626259
2667184
2648030
0083659
0000680
2609282
1759256
0004826
2618871
0065007
2900622
0954036
0001614
0258402
1546300
4114194
1731694
0493171
0553047
0504962
2358105
0001162
2176475
0001480
2422305
5681882
1737392
2144529
2923560
0669656
0004806
1721862
0700577
0841910
0941473
3188420
0094894
1830380
1883440
0000550
0004743
2043211
2182241
3998859
0125847
0791868
0935541
1085698
3220499
1237088
0299871
1832840
0638824
1211488
1408752
0289080
1143378
2377216
4908437
1879386
0538002
2092835
1732017
1436451
2419686
0318694
0148418
0906000
2322853
1700638
1117791
2124052
1738172
0107714
0005316
2321925
2298425
0110689
5145425
0722632
1305056
2247245
2792716
1909374
2614264
0268380
1349694
3700767
0781238
0487884
2016723
4990126
0117857
1560274
0005320
0493311
0001462
2118666
3925786
1269983
0001424
0567031
1483247
0005490
3725472
3677278
1138637
0906048
2377000
1675320
1146844
0158372
0930317
0517638
0098268
2100657
2251731
4481822
0858643
2628538
1552256
3978642
0035609
0243952
3299616
0334561
1478045
1387067
1524066
2590616
0000465
0743796
1161078
0644817
2321263
1457472
0006395
0361283
2456227
0006958
0608012
0366389
1483984
1949929
0062485
1527905
0726360
0000145
0000225
0352778
0160621
0424499
1485074
1532404
2928020
0497838
0005141
0146304
0006712
1218360
0281318
0999075
0811583
2916014
0134865
0394248
2691819
0893257
4831424
1114898
2857804
0004914
0662160
1943668
0923560
2269032
2181131
2110190
0269463
1617744
0691597
0000679
1036127
0101228
1997596
0425053
2772982
0610831
1436471
0724189
5230942
0933727
2953628
1047883
0138440
0005138
2015692
2252934
1999528
0166566
0005123
2369292
0237222
0113140
0644870
0778348
0000607
3405146
0773056
0181288
0708381
0846548
2555665
0002004
2676609
2064928
1353018
3311731
0748852
2055234
0335702
0886033
0915637
0417520
1743023
0633389
0829518
2020853
1299017
0000471
0625699
1600779
0005567
0253705
1070870
1348337
1178100
0372366
0004147
3610327
2143966
0270625
0000929
0896735
0004056
2394794
0235427
0282425
3126001
1460480
4861659
0993458
0663177
1390215
0337020
0545474
0004981
0627624
2710034
0165651
2951481
2359351
0195982
2027650
0935735
0660371
0797373
0566084
1377561
1387582
0001441
3347587
0566572
0972955
1695172
0346866
0604563
0000950
1130176
1303433
0066877
2141059
0895083
3333669
0488832
0877430
1293885
0534380
0142246
0631021
0364977
0518579
0060029
1213386
3525133
0184691
1634944
0960770
2210588
2307829
1860413
1169428
1391062
1518529
4681522
1081406
0000343
1769806
0000588
0819851
3132111
0739013
1527573
0000836
2966488
3798384
0571106
4321164
0719398
1913734
0172385
4554203
0807831
1033060
2526306
0477129
1440863
0172566
0412872
2933395
0089456
2059917
3347140
1851028
0318744
3018185
0001824
0382110
2569195
0371660
0672303
1167083
3625065
1143861
0465285
0019585
2044463
1498895
0495877
1071252
0381761
0769157
1301070
0274371
0339304
0397124
2343444
3083664
0488278
1757373
0891275
2367311
1125630
1544100
0859432
0117009
0196325
0472308
0119354
0358922
2503064
1108838
1602671
0000570
0458080
0007163
1128390
0219835
1894100
3663681
1746402
2720561
0000520
0005412
0573037
1133651
4221139
1404824
1555340
2111515
2390252
4701008
0230032
0189524
0001440
2934314
4296357
0005168
1761573
1419839
1417905
0864332
1897713
0600667
0000385
2051265
1978325
0001461
2466076
2911850
1120734
0898609
1266276
0001716
2360649
5569034
2331053
0997689
3927701
0281693
1285162
0001821
0763960
4358560
0199823
2788212
2169233
0005457
1822659
0820327
3746525
0383422
0174910
1908554
1005514
0788234
1524440
0917314
1935292
0380442
0994275
0922995
1668265
1955206
4090020
0365596
1221178
1259832
3307728
0141931
3593738
1208725
1399877
1191794
0585034
1064600
0821200
1942207
0000628
2633535
4857044
0470244
0767445
0387627
1395158
3408254
0281619
0001435
1492093
0381416
2029652
1027468
0573354
1556631
0373600
0004880
1142271
2062720
1420224
4083737
0629634
2596357
0337053
1668942
1767820
1789970
0112492
1518157
3431242
1957226
1307265
0000956
2206710
2315507
2942417
1145177
1484839
1666555
0247754
1161994
0565858
2584277
0001974
4703025
0394286
1194672
3333138
5043972
0001642
5725535
0005134
0363371
1556504
1801912
2540814
0510731
0322002
1216062
1668284
0000532
1706767
0429886
0526185
3289599
0996669
1795171
2451490
3096796
5227176
0224176
0470182
0005449
1930990
0001709
2419177
0141140
3096056
1890981
1312566
0888727
1931037
3531232
5652218
0233304
2908215
4164659
1537949
1204778
1410276
0606690
1717852
2309517
0829855
4773573
1119858
0454433
1550590
1308881
1605108
0830373
0484460
1229520
0949350
0673563
2167048
1489118
3542131
0298104
1036787
1801116
0701561
2788600
2804580
0110803
0005067
1651231
1395532
2576356
1631435
1813088
1313304
3196368
2116419
1775206
0931404
2379195
0100793
2471798
1300813
2732030
0213339
4874651
2018573
0107792
1356578
0004081
0175305
0160004
2903909
1999505
0005253
0122741
0256121
2356416
1563736
2186304
0004518
0918858
1066346
2244745
3312554
2475341
5811827
2008962
0899608
4488042
0308606
0690642
0155093
0056873
0004827
3121907
4270462
3085576
2766144
0603413
1968730
0656549
0001557
2260724
0001418
2684011
2273331
0480798
0954253
2226472
0005370
0850102
0219208
0441085
0922927
0002102
3304503
2956414
3847911
0454752
3885031
1927701
0005286
1373056
3950424
3622236
0001723
4483476
1676626
0823873
0007002
0000397
0066072
0425543
0310865
1367450
0001575
3046990
0001104
0001392
0005524
0588712
0029391
1715144
1177170
1534715
0378245
1785054
0608378
0317762
1544109
0000622
0389333
1488260
0377336
0210925
0000263
0607516
0199000
0127437
0001492
0544104
3303116
0116254
0609182
0425287
1470268
0160647
0972851
1778430
0534975
2436567
0842884
0156461
4557349
6573530
0558487
0001650
3637437
0176981
0504832
1264048
2789135
3382715
0059977
1830388
0005405
0000117
3108800
3287038
0087726
1500199
1146884
2504006
1690665
1533685
2556057
0694309
1410318
0729040
0272324
1312535
1034965
4803105
0003981
0810453
4140484
0731346
0004867
0710243
0446298
0834573
0001759
0308208
0228163
0681504
1879133
0609114
0792679
1256602
0242759
3628491
2410851
0314754
0281212
3470592
0766120
0853375
0788335
0020739
0006035
1904798
0000612
0772045
1699370
0188266
2333849
3106310
2942487
0444223
0887110
0542118
0746737
2070099
2714046
2990425
2821403
0005542
2259318
0541908
0004774
0221046
0817819
1535423
1312105
2788234
0001459
0159046
2452128
0619406
6166434
0005579
3729721
1446379
0000144
6062003
1051221
0648249
1812267
1648492
1570873
4401897
0773973
0940362
2055623
2625932
4389000
2449480
0860419
0220619
2829954
6074154
0327764
4976467
0518715
0261555
1153175
1106793
0908830
1404825
1579987
1100337
2628258
0000655
2524307
2484469
0905935
0454730
1275916
4296890
1315153
1846206
0000530
1382250
0820562
1152653
1864458
3310211
1988111
0229301
1294108
0934362
2344269
0005317
2874946
3802966
0005436
0825805
0898369
0926697
2544884
3080441
6212900
0710330
0552333
2257755
0005080
0005024
0348181
0001004
0584951
1207183
0576987
0839287
0004740
3413756
3016166
0057150
1058197
0494058
1026272
0301959
0782561
0300589
0559994
0890073
0005282
1722962
0972531
0499791
1597542
1985859
4933278
1457069
0408550
1194074
0003633
1679534
0001325
0364280
1128387
2045487
1840475
0142972
0360598
1035414
0001795
0005187
3144303
0729369
0252961
0920038
3610536
0303010
2731228
1573253
0001661
0886083
1217016
1937584
2752988
3206118
3180116
0542133
0991437
0000985
2482697
2656174
1036042
1542869
0480111
0116830
3726614
3038454
1009568
3072221
0051104
0651441
3377021
5077481
1719342
3079570
0559069
1559927
3042046
5342419
0724665
1936361
0381524
2032098
1772963
1056659
1217515
1886805
0340720
0700206
3069114
2882814
1139258
0710829
2298331
0003354
3715793
1126641
3887651
0990542
3908990
0001638
1517976
0272706
2368789
1268158
1861541
2840119
0531827
0882277
1672246
1812656
0365445
0427964
4872706
1977326
2550502
0970122
3001222
1354955
0245705
1346160
0167546
2568364
1508590
0482851
5549723
4438468
2945096
1978998
2753068
1799058
0192947
1837578
2563594
4915385
0922877
0236202
0452914
0193639
2255973
0732803
0125540
2760407
0209289
0316795
2863376
4313845
2013708
2212558
3841486
2127395
1956106
0002243
0520461
0313232
0366106
2258148
0363351
3188373
0192889
0277180
3203733
1708243
0000408
2287085
4646781
2757333
2129662
0004804
1034625
0012523
0516952
2205345
2751465
0800328
0028783
0755974
0039144
0621788
1996918
0001348
0004645
6489352
0000928
0365768
2251716
2452098
0641518
1659152
3285198
0776376
2864505
2110485
0497794
0661755
5908190
0005367
3682083
0651451
0000121
0172604
2491337
2127038
3795018
0152918
0005516
1440764
4638404
0709620
1081836
0001497
0004328
1371174
0001741
0834380
1980448
1865064
0435509
0640323
0465643
0727997
2325502
1616349
0061262
2024927
3090492
0924015
0429069
0538261
0933281
0589474
1218487
1801266
0000307
0056770
1663466
0031639
0094789
0264269
0252135
1449512
1008015
3918236
1119462
0107748
0700443
0103797
3882204
0005139
4047015
0251986
2394154
0108224
2189338
0004985
1374980
0063440
0933156
2870406
2418343
1594770
0002027
0733541
0740661
2876656
0711058
0309461
0748620
2642953
1285113
1543989
0615557
0741893
0765597
0004657
0004793
4371004
3720130
0643050
2016003
0715529
0236043
2284582
2554717
0571858
2640222
3515425
0001604
0856387
1861526
1741002
0045298
0232975
4561627
0005011
1788146
0766837
1945428
0005392
0276062
2553987
1698522
0420982
1566486
2109145
0084547
2973326
5438205
0113908
4545833
2654863
1100839
2226677
0004941
0887355
0002059
0237849
0907548
5702934
1209966
1211407
0915465
0001006
1640124
2173135
1372025
0494080
0373811
0001457
0174983
1510184
1682400
1975871
1047252
0458951
2294895
1909590
1047343
2811073
0233027
3341112
1444665
0001019
3721069
0699826
0144377
0001978
0004899
1012010
2649407
0003072
0718647
0371565
1451091
2864800
1165044
2883645
0004988
3103119
0411857
0959575
0006784
0004716
0011348
0004840
0001111
0068260
0598566
2467657
0051621
1505375
0605514
3152605
4553772
0864046
0001409
1111921
3121911
5208973
2184568
1382427
2302117
0897005
1273864
3931810
0009127
5059998
0002773
0005519
2942548
0517642
2163532
4266506
0273946
1334396
1408543
3485229
2348808
0222881
2090377
2286991
0000147
0795576
3974065
1932586
0286975
0302356
0001704
1298809
1289351
2240116
3094377
3622222
0411964
0005532
2763829
1406239
0012081
3683215
3090905
1567029
1620783
0601003
0712368
1126657
0059215
0551764
1330512
2342088
1194171
0000615
3169780
2064412
1880054
0063985
1869029
4947229
0441929
0394834
0000505
0780499
0888022
2523661
3325268
1172478
0339797
1426233
2444298
6121003
0531101
0078925
1157358
1132273
2946860
0861093
2524516
3361199
0001201
1097515
0808376
0510720
2823014
0222643
3409535
2066104
0537941
0004715
0000903
2398956
2415785
1922561
0429402
0347957
0082450
0385976
2981724
2007000
1221622
1557314
5861947
5191227
0007237
0302108
0004712
2274239
0002150
0063571
0263625
0470981
1322469
2324912
0126023
0641944
0001390
0001504
2244430
0716347
1067391
3649055
2077159
0001622
0010338
1274203
0330115
0009918
0752398
0742891
0557733
1529019
0629697
2370628
0004825
1404239
0947447
2125623
1374033
0394889
0842081
3160752
0756083
1107847
3489819
2999419
2654183
1386659
0004819
0001633
1235366
0909391
0671886
2014754
0586236
0936300
1148321
0587955
0910076
3068922
1179678
4049948
1058095
0158856
1143016
2098473
0836964
1296121
0001601
1750226
2940100
3441152
1142776
3949170
1375020
0243380
0486627
2395801
0000119
0123488
3396631
0052186
5136263
0001166
2692146
0005485
1587188
0319698
0935921
0750412
0761587
5166378
0347149
0518321
2426012
3543122
2158772
0824741
3366058
1900795
1701859
2624172
0005335
1343933
1089338
0437283
0473204
1517834
0262374
1792514
0120528
0000477
0221902
0437646
1186736
2417490
4271632
0425756
0770031
1092540
2936228
0992538
1987095
0004775
0226820
0860947
3129067
0005258
3450022
2322406
1998498
0005273
1579753
0101198
1008709
0504897
1183986
3868191
0583570
1074204
2389665
0836343
0400816
2773139
2834669
2100778
1471425
1231867
0105438
0766005
1495350
0942247
0199939
0753769
0640660
0195164
0371891
1446060
1016334
0220240
0807548
0436442
4039514
0000301
0587431
0055733
1460787
0783139
2157624
1574663
0509263
0549815
1509018
0129248
0210218
3175099
2185570
2217184
0353546
0401132
0751406
2983851
0307600
0176801
0001029
0070115
2223487
3394509
0289200
0622496
0382632
3480347
0335275
0004728
1169471
0570912
2157442
1754059
0429274
0795517
1304727
0523486
0000363
0281956
0574131
1020877
0107183
0821836
0640669
3610998
0409831
0730803
0001155
0909084
2112939
1455825
0714534
0316743
2379477
1552918
0000551
0085438
4274281
2238724
0001578
0912635
2648766
0549629
1988575
1773454
2468963
0002026
0700664
3590487
0440860
3984772
0648339
6252408
4525233
1880290
0001729
2131865
0788218
1210124
0427963
1797322
1682827
0527852
2169417
0532928
3148185
2215197
1134612
5070789
2604932
2554204
3902369
1426686
0566902
0786641
1997061
0000838
0450123
0427489
1932967
0004623
1147043
0860690
2133243
0557678
0779292
0874232
1738454
0218674
0202970
1391796
2879265
0521143
1677807
0310430
3346260
1141083
1868369
0001035
0249981
2893046
1275259
0140969
5486964
1259980
0337042
0071847
0001667
2728022
0733185
2358555
3593112
3103457
0902807
1955294
0085494
1004774
4249528
3589472
0038266
1507857
2210709
3080885
1352774
0679018
1682276
0923005
0567653
0942792
0303013
1425155
2520212
0143295
2772725
0031078
0829252
0546664
1920131
0005327
0000625
1113325
0001393
1259068
2033210
0701512
2768652
1451059
2874397
3092388
2347178
0947075
0044330
0611979
2852906
1832801
1975628
0001653
0004922
2059117
3239653
0408081
1055396
2057036
2173711
0741675
2340323
0000498
3176007
1560493
0005241
0605081
0746414
2415330
1367048
0000711
0291785
0835045
0424800
2255288
0000915
1101713
0157342
2386484
1838070
0389965
3073947
5768706
0769311
1662725
0085407
4683748
1980806
1566474
2808658
0000295
1035174
0694405
0924210
3882632
0729557
0005246
0000402
1285494
1702764
0703946
0005406
0867330
0191044
0639821
1017334
5037999
0001722
0511088
3434452
1666212
0925966
1280053
0059228
1375877
1229748
0541932
1522635
0859921
0197354
3435139
0240043
0000874
1597268
4932304
0742165
2045364
0928087
0005428
0000426
0004999
0659048
1123723
1635108
4460267
3818748
0565366
1406333
1628079
0172558
0000547
4723564
1711263
0864997
0144195
6293841
2069988
0197926
2686229
0120648
0004303
1144187
1682406
0327072
0002100
0354157
2331282
0267659
1139130
1066197
0001314
1310709
1826889
1099760
1076294
0620232
1026045
2698250
0039784
3413127
2788832
3260333
3580041
0001773
0291881
1742300
2385988
0347465
2240326
2845631
0001116
0262125
1683053
2279940
0000574
2965079
1057116
0004850
2118133
1539484
0719606
2351252
3588361
2247687
1402837
0000514
0397432
0005086
1047143
1331735
0361398
0340408
1836720
3082287
0154226
2581521
2634819
1424837
2803307
0001305
1147477
0045337
0001250
0005416
0806217
1036691
1289434
0001488
1031279
0061672
3116983
1388927
1056412
1106304
1521209
2397098
0559993
2500963
0773884
2401020
0412850
1015684
0327020
0424035
0506991
0423975
0190744
0001038
1821284
4166787
0344734
0167342
0503627
0271988
0043855
3408336
0508356
3211360
1139343
3730744
2838283
0876101
0001882
0476906
0000933
0509358
0574534
1694302
1822951
1288173
0005118
0007063
1276562
4552582
2047708
0868893
0131235
0030714
2440492
1122126
3148203
1996260
0781981
1622615
1478535
2176072
0278979
2172928
0588777
0682495
0559879
1060258
0190497
2621983
1317656
0034305
0638789
0501435
0246612
0001309
0257188
1905054
1041023
3912429
1835882
0254712
0242617
4470846
0838002
0005079
0741299
1441925
0005145
2785693
0001520
1292973
2451535
2337991
1640523
0836071
3871681
5261198
0441592
2345200
2183803
2267140
2988609
0202322
1358539
0001641
0200452
0790715
0812678
1674903
1411346
3732046
0648486
0370617
2522535
2897314
0763395
1987652
3688576
4228422
0146915
0315974
2094313
3237024
0913812
2139763
0159097
2686844
1376654
1954519
2617580
0416390
0895150
0005431
0005448
1591342
1015262
0878768
2682397
0355379
0611295
0005158
1679478
0679690
2323285
2407879
0021675
1662644
2583626
3821465
1415692
0492932
3797410
3020713
2112851
0924918
0000480
0299122
0703747
3954183
0298807
2222515
2257268
0075762
0180984
1071784
0047248
0852569
0134244
1566033
2451793
0036197
0288976
2601603
1254704
0001783
0000103
0092258
2337445
2766357
1017719
0001389
0067709
0594617
2943468
1728680
0029502
0243231
0511721
1032034
0226986
0250659
2499696
2991303
0937869
3289900
0327097
0005541
0334179
1512166
1410838
0803890
1446934
0477127
3126458
2057557
0410347
0581365
0565582
2463696
1447035
0046337
0362799
1053966
0740264
0905157
0346411
0788009
1456912
0268841
3333557
0493279
0749081
1489668
1197093
0025891
2287478
0123261
1732800
0001049
0356003
2599534
0124208
2304722
0177970
0657822
0033422
1963860
2743989
1653291
1779870
0141710
0338381
0516225
1259103
1659221
0505971
0929556
0329773
2865035
0553796
1722538
1128592
2740054
3198494
1169495
3240008
0000220
1659547
1036527
0445992
1324959
1343254
0667073
1594999
2631015
0097022
1317000
1012029
0071922
1064823
0095745
0860749
2728442
0000892
0994509
0313904
2205683
0022161
1325306
0103699
0938045
0855564
0345466
0662504
0294553
1179565
0035676
0001364
0000952
1318660
0222883
3611879
1133857
1197466
0493159
2118733
2325018
0305519
1632258
0031976
0637748
2755731
3666199
0322164
0000611
0248373
0247753
0203221
0245988
1107127
2000954
1745318
0005289
0185078
2362886
1926337
0549505
1728092
0811027
5617665
0378932
0001176
0001834
1586772
1283650
1869788
2833699
0493797
0675128
3986726
1019884
1685160
5052211
0355632
0039317
1744122
3150050
0001610
2724927
0327466
2315139
2314596
0050226
0004925
4305463
1202961
1048225
0991620
0876805
0016260
3579495
0094080
0855103
0302446
2066164
2654199
0000168
2706463
2598323
0682725
0058029
0296545
2706863
3529987
2493443
1483948
4264614
1172285
1915412
2088745
1736660
2086539
2395937
1274586
1078479
2506476
0235966
3449553
3728402
0571727
0822155
0911614
0000793
1022349
0160553
0498076
0000633
3340508
0197638
2100286
0333589
2278522
1340435
1761677
2795679
5657590
5801165
2700032
0574197
2855957
3331125
0128655
0846328
1555040
0847727
3222942
0000275
0566187
1431940
0150362
1119715
1480744
4680788
0001139
0569927
0001209
0000444
0817980
0820048
2450046
0263881
1936822
0284820
2051922
0722629
0639200
1941140
0005430
1901842
2169749
0583856
0004849
0122716
0509425
0797869
2415415
2687941
1975949
2075851
2160896
0340522
1273708
1568881
3135079
0719321
1890824
0281359
4651833
0714147
1146786
1264557
1316819
2584203
0685146
0001508
1715194
1476628
1352485
0139936
0664175
0328828
0413263
0177639
0934563
1548757
0283568
0572594
2354433
0032375
0298221
0002090
2173080
2933542
1525948
0005575
0178840
1024046
0472710
0725702
1641117
0802831
1808008
0003289
1074373
1091701
2780568
1802296
0006487
1845037
1975735
0707214
0158147
0001143
0020329
1838568
2247786
2295051
2730580
0002743
0005349
1365912
0652663
0146178
1214605
0001533
1647994
0092026
1670029
0330913
0262465
2875403
1799348
0005119
2584288
2783114
1343964
0557567
0034492
5431622
1552919
0721216
1673908
2624171
1221863
1724255
2620034
2367676
0005350
2715251
1187903
0001356
0262026
0272601
0936198
1145983
1589312
0230693
1778479
3788418
3060378
0461149
0493257
4398262
0668534
3807193
1057047
1372823
3214372
1554887
0784255
2381885
1351496
2261396
2028116
0414458
2374829
3013806
2752134
0005444
0744331
0933988
1393401
0004921
2313451
1003081
0000830
1677074
2188594
0040591
3068246
0001574
3456797
2397116
0244707
1963091
0193738
0025745
0237910
2338525
2235079
2615297
0746896
1301904
2351500
0001785
0244048
0403168
1221047
5586718
1997689
3187320
0264579
1402546
1509081
1794270
2340558
6392685
2466261
2088872
0001344
0001758
0361306
0362534
3649942
4748456
1260957
0004892
0281068
2180154
4125561
2620244
4004412
4435720
0641854
1640279
2374082
3837694
0001597
0004786
2711342
1628115
1496325
2161815
2138994
0266422
0329537
0810083
1468674
1483372
0397445
1789173
1694808
0055003
0004760
2382037
3638582
0002217
3726887
0114238
2606372
1305928
1851471
0004955
0064015
1139632
0001720
0005581
0522479
0345477
0001582
2213461
3177270
2493723
1868342
0257969
3024995
3052331
1248373
2930154
0359623
0576662
3208215
0645122
1679452
0832078
1359370
6353801
0005429
0037118
0498247
0636946
4918175
0655134
0811435
3922289
2303011
1667264
1569479
0647744
0993242
0103195
1731629
1756186
0481418
0138388
0493521
0722476
0299050
0592923
1228504
3697476
1068991
0000281
0633604
0005311
0001431
0382956
0571160
1599769
0000672
0397171
0593258
0662042
2405171
0357742
4589825
0001832
1760272
0901110
0947338
0343980
1785266
1383977
1795630
3079593
0287898
1420281
0702572
2004794
3529629
1449373
0659544
4322542
0822571
0525572
0005087
1740127
0876138
0001210
0573862
0741528
1242950
0530249
0304580
1501050
2019352
2529627
0878756
0000297
2040091
2197524
6079503
0914424
1591620
2583029
0600925
0000689
3960069
0429114
2177528
0647009
2273669
2672860
3785503
0564580
2445621
0005278
2092503
0228055
0328709
2314579
2812331
2360815
4097366
1083404
1670886
2377684
0095561
2012029
0001324
0001562
0756022
0003457
0199215
0674101
1967643
0005073
2010886
0440885
2208749
3025400
0037973
2411947
0697650
0112379
0206288
1922788
1574234
2427285
0304593
0155277
2648858
2598945
1126156
5694385
0005227
0388038
2180812
1057009
0159106
1568512
0625334
3062625
0524839
1513736
0553648
2047055
2224118
0003265
0552863
1658935
3331486
0589182
2097375
0888882
1034414
4582999
0918078
0852965
2193008
2324278
0392237
0001022
0132896
0629538
2351426
2480943
0104954
0001057
2254820
3860454
0046829
1694447
2405364
3597808
1503432
1240556
0105860
0292182
1212588
0130536
0926165
0001054
1391406
1186269
2353172
2439913
0004911
0237236
2986449
1463709
1397297
0190780
1006776
0001617
3986145
1084708
2468074
2070336
0318784
1197438
1565089
1037510
1323562
1017524
0359089
2598931
1400994
4572741
3135437
1336416
2265157
5423912
0002088
1122987
0418683
0000968
2699133
0241870
0364813
1140300
0924684
1102053
0002191
2965415
2506826
3830119
0542603
0912910
1774561
0005195
0879085
1872697
0577908
1859539
0005093
4273026
2406194
5178348
0145194
0006689
3324753
0004967
0821325
2467428
0861600
2046874
2538904
5104893
1679203
0281832
0350454
0583600
1579990
0005194
2749602
0000463
1456320
0004960
0535502
0950331
1096977
0240147
1017958
0625796
0503060
0519389
3775885
0605513
1009390
1352452
0627681
2772076
0000620
2706992
0376661
3499448
0501837
2063756
0755267
0744030
0906476
4194830
0714188
0304629
0318711
2107620
2105291
0302547
2884369
1443502
0005288
0646351
2910281
2150519
1821102
0389069
0026364
0515296
0000159
0001770
0241222
0001370
0626040
1788163
1854922
2264229
0931146
2542892
4588024
0001602
0000600
0371890
3556021
0695497
0232278
2048753
3346010
0178581
4476068
1015100
0441754
0372683
2833048
0001152
2195169
0001803
0855039
1357477
0952657
0578080
1106960
1769728
1445208
0482290
0853573
0372117
0933940
0001183
0599889
0217461
2822103
2202725
0307726
1104821
0809049
0484457
0771269
0005387
3077316
2795739
0765048
0180182
1157175
1393403
0005531
0005121
1796851
0320448
0083024
0660854
2368180
0467572
0001084
2959299
3244135
0000616
0004857
0252728
0569337
5162684
0001828
0293719
0234068
3324272
0331906
0152970
0000186
1317851
2857778
1670137
1010691
4377242
1962531
3480246
2315274
2437382
0796502
0209815
0001817
1430838
0001669
1446962
2812116
4266732
3185369
0873998
5809867
1923487
0005321
1187181
2753160
1565074
2640900
1247855
0829997
1980107
0823693
0794609
1495210
2591886
1508389
0201857
1429102
0068166
1036361
0000717
3034285
1399998
1745736
0434673
0614109
0175916
2591884
2358143
1906730
1425385
1872782
0247040
1865727
1068565
0087104
3127051
0953882
0001347
1325248
5681403
3568326
0746714
2009056
0634725
1616668
0889846
4288659
2222175
1146857
1378320
0861361
0116232
0899513
0018554
2089709
0829697
4078499
1466859
2740967
1168980
1892513
1433799
2784795
0005264
0507097
1862253
4997946
2211700
0005303
0020248
0303009
1634832
0776090
0735121
6031709
0316318
0820847
0002700
1325419
1812846
0001794
1991922
3055349
2312345
2093138
2781445
3030892
0942901
0000552
0535638
0001064
0270732
0132300
1025329
0664238
1935086
0971731
3009232
4223899
2110418
1011209
0196375
2959880
0891641
3181362
1511891
1212051
1638022
0005294
0000483
1296597
1538997
2608066
1981574
2883943
4168892
1815588
1715135
0001165
0949744
1881021
3073087
1336552
2230865
0004984
1195855
0005299
2716180
0206691
0241173
0289611
0095106
1576004
4178979
2987649
0105448
0045461
3723214
0002396
0061106
0790057
1254478
1422176
0018837
0281167
1433105
1237541
2851530
4111426
0003069
1278926
0265668
3554468
1699451
0309670
1175468
0084153
0001281
1754366
3160546
4858020
0206181
0280396
0001403
2068197
2472166
0272399
0891224
0636249
0653660
0153559
1177213
0001756
2379702
0000619
1267261
2645189
0181787
0933475
1747518
2080051
2555010
0001151
0526019
1919140
0090545
0578456
0067367
1497752
0857620
2744342
1261587
0006684
0677167
0999270
1642639
0821612
0005126
0005261
0281945
0333804
4751000
2415920
2582484
2342308
2033115
2803896
0600877
0860380
2554046
1599744
2362654
0000959
1952831
0000399
0786417
2779142
2740063
0579331
4256099
0842332
0781899
0359396
1412171
0111639
1376997
0004700
1796216
3940602
2009123
2089884
2416875
1260045
2592675
1248541
1940449
2025880
2480827
4722219
2811177
0110514
1553725
0005489
0607703
2946516
0000867
0000427
5256067
0005113
3257161
0911542
0170541
2454894
0654295
0569458
0000296
5015107
3155377
0261678
0703831
2344263
0004761
0131647
0474520
0393799
0916471
3247166
5540978
1442928
0211087
1976925
4903197
0452963
1107146
1109740
0215281
2167128
3482213
0006610
1667150
3058260
1934199
1440298
1722914
0357557
0672997
0466349
2537138
3089930
2829737
2450852
1855016
4972453
0806002
2425775
0652089
1491631
0256237
0013712
3748986
2393636
1635061
2862532
1535523
1988958
0786136
1401531
1433588
0141599
0680144
0688624
2061375
2960015
0242656
0187253
0593463
0744713
0005543
1747924
0751018
1621705
0004846
1032567
2038170
3978373
1754048
2431639
0751102
1893111
0191688
4585643
0330380
0515791
2731219
1948247
0605080
2070868
0428591
0485023
3876337
2155567
0494069
0669681
0000299
0004980
2564185
1738059
0005182
1257092
1923972
1102891
0092216
0126267
2105255
0086703
0262558
1886602
2560043
3397096
0818055
4519587
1423955
1583266
0135585
1317082
5123271
1245863
2337491
2317805
2106693
1955504
1458163
0732703
0005233
3399968
3613585
0232998
1760388
1922302
2019522
0614365
0124579
0001710
1476925
1304386
5629608
1669979
2458152
0005494
0680645
1150821
3665787
0534085
0005046
3211555
0018271
3538539
0125475
1138242
0157312
1227814
1731680
2598903
3326745
4787977
1014726
0001180
1199888
5569981
1255793
0105672
2474864
1908742
1941571
3485845
3180325
1863227
0532461
0710658
0231191
0486728
0036283
4478211
4893225
3216408
1312421
2306491
2989134
0142206
1570568
0005580
0391738
1887429
0280245
1833525
2082304
1133284
0744193
0814085
1553654
0147022
2224434
0111274
2513388
2742329
1414931
0752656
0922263
2637109
0794687
0289213
0516804
1588066
0340973
0005447
1172442
2501633
0376716
1664542
0780678
0411569
0550452
0369513
0572650
0495672
0621760
1929663
3107376
0027094
1857233
0000593
0000287
5052472
0454236
0268007
0005263
0431645
3633758
0836548
1082081
2095931
0005160
2253518
0024173
3279125
2321477
1695365
3961109
1143816
4355399
5072416
3475389
2123507
0655124
2070427
0532683
0027572
0004814
0005044
0135584
0940990
4508994
0122886
0570860
3935020
0376260
1780143
0671980
2572715
0784831
1875711
1001233
1121943
0068042
0618230
0005492
0342029
0171513
1487670
5831542
1019674
3385086
1816526
0809720
0781218
0430829
0880482
1636956
1813534
0448311
2443416
0949292
0763928
0001153
0184392
4480973
0225332
0930053
2684485
0579460
0243637
2273391
0005213
0914089
1038067
2636108
3501146
3679760
4415201
4434461
0282648
3777870
1205178
1297926
0122759
0362566
0005308
1578066
1767162
0189220
0517867
1589316
0656138
2325393
1757310
2319146
0004540
1105708
0542022
3209529
2180330
0007045
0120410
2822895
0522909
0539759
3059522
0954622
1200397
5360404
0004854
2578291
0001608
3404934
1836506
0087109
0596789
0091035
0569226
1009289
0551397
0163803
2488331
0000934
1140998
0486839
1731701
0874086
1043164
2740213
3138464
1898254
0214299
1851126
0406939
0023885
0000452
2199801
1483339
1589782
1173784
0001517
2457575
3254466
0094887
3437260
3912822
1146612
2103179
1775177
0000410
0220010
1157149
1972818
0201095
0648164
2961993
3257687
0551358
0838374
0014605
0587396
3047888
0005388
2849998
1794688
2628561
0193982
1866361
0346886
3600675
0005064
1438520
0225269
1346956
2225627
0001938
4013659
0005378
1221906
1138805
2397349
2542885
0002119
0005339
1497668
2340245
0000775
3036914
2701112
1701024
0394770
5308173
2616747
0139549
3137953
2394548
0000373
0105588
1018488
3333977
0244709
0735440
3241429
0187460
1416498
0612534
0000420
0112001
0356994
2654383
2942806
0396623
0001387
0942550
2301323
2598536
0164929
2479589
2094023
0924552
3238628
1063542
3446691
0710447
1476939
0022198
0133566
0147147
3374941
1715189
0240380
0531808
3095739
2984743
0000751
0455993
0914134
3576094
0301083
0001564
0052037
0005002
0267511
0428963
0796676
2022518
0818454
0005275
1246371
0182455
0004744
0899366
1477301
3224117
0695435
0000982
0001823
5903584
2446196
1008191
3867285
0588096
0002365
1227747
0910692
3725626
0498956
3141312
0178870
1045049
0922724
1248393
2598733
1209950
3655754
3687902
2859825
0005553
1628057
2264243
0523116
1651094
1966962
0635139
1743205
2124003
2026536
0422385
0479527
3615106
0910055
0329481
0907896
0248461
0444999
0036651
2692301
0437032
2171406
2642130
3632976
2107055
0732497
1514499
0778543
0517909
0688143
1566429
4049315
1411770
0114177
2212757
0000876
0368557
3080074
1185747
3652842
0410413
1228731
0393558
1568234
0122428
1045865
1944865
3311695
2172531
2732067
0487609
1128780
1138829
1273940
3116690
3432455
0000707
0161023
1586888
0000759
2444306
2924997
1775214
2691892
3180237
3134589
1554569
0620828
0001110
0014582
1675336
0005537
0003244
2220002
0005403
3774109
0815418
0005272
2692293
4306222
2147284
3008065
1821410
1925057
0694765
0939255
0001952
2491463
2116006
0664499
0772704
0697044
0688132
1137209
4089170
0189488
0587778
1406413
1135423
3299998
5097279
2367720
1214769
1075006
1561561
0004749
1150647
0046112
2063811
0000381
2628680
0539651
0524240
1533796
1137028
4336694
2664819
1186061
0504642
3041468
3552376
2374363
0934618
1354503
0852510
0385217
2003700
3727391
0478447
0338529
1049044
0673204
1013003
0000436
0039665
0005438
2187603
0128657
0954891
3279084
0187719
0328806
0059698
0261805
0810619
1358569
0893501
0093697
0454809
0493161
3889070
1182048
0582351
2485108
0602117
0939182
3069800
2278431
0170422
0692663
0058581
0153112
3931192
0778901
1360517
0820783
0261595
1391172
1245495
0000431
2566110
0603321
0001332
0361002
1930711
1882152
3399014
0322407
0364591
0528987
0805789
2803556
0133852
0578899
0846480
2837894
0379066
5037351
0741048
1419440
2298370
2404113
1905783
2548759
2423358
0809806
1768424
0591651
2443758
1428355
0643805
0356017
1525807
1913125
4396550
2684278
5544358
2378840
1654696
2952107
0360736
0001776
0818331
0005569
1165110
2218841
0001524
0024622
0404693
1952233
0155389
0428065
0084327
1991708
1379938
3391119
1500658
0567506
0232084
0039162
2633215
0103785
0940158
0445715
0920332
0001242
0725434
3136088
0931046
3382024
1211910
2605345
0992883
4363050
0249275
5121337
1377577
1113157
0532829
0180515
2679753
0519043
3843467
0363736
0002871
0005559
0691600
5216165
0469823
2683207
0001527
1650044
0004887
0196971
0004875
4555930
0005315
4879650
0237124
2340248
1270033
0838000
2767311
3632668
3006818
0500200
0885090
2618724
0003941
4708023
2148263
2028579
2114006
0563848
0002073
0266441
1207895
0260224
0844172
3489824
0820903
0106549
1263939
3411192
0273371
0206717
0001469
2267725
1192866
0589077
1018581
2789216
0756114
2608689
0101880
2676052
2369021
1483369
0005125
3004078
1164730
1885129
0722631
0931798
1914898
1601297
5613764
1974875
2542694
2573263
0005072
0747405
0869088
0000592
2324045
5559738
0213374
0000185
0229694
2507040
0004959
0191786
0629006
1676793
0091931
1561389
0001053
2814621
3794974
0696059
1087430
1133714
0112094
0122703
2280351
2524797
2996220
0719678
1159702
1738378
2797982
3331263
0211726
0750468
2263449
2375297
0000580
0564277
0002023
0160644
0679410
2016364
1712438
1553954
0147312
1011812
0131564
0050959
2698048
0117368
0287182
1377431
0154215
0143604
0004725
0367005
0063773
0810488
2569832
0005006
2676147
1405398
1548702
1965417
2275042
2795748
4513448
0130278
0129295
0295484
1245800
1452105
2966708
0381606
3103539
0000700
1156977
0558950
4134757
0001694
1429966
0249046
5306079
1238747
1001478
0403134
0426699
3738662
0853169
0468957
0000745
0001632
0005464
1905016
2885819
2410811
1002979
2443765
1867602
2281521
0000690
1859537
0937748
0002065
0817375
0000346
0533832
2479704
0854304
1098565
1966407
3610351
3119454
0186225
1728948
2955947
0000260
0716275
0004853
1510113
1218607
5153714
5249697
1507522
4304239
0430005
1683805
5734180
2487935
0621393
0790944
3628699
5110983
3017222
0001312
1060641
0390236
0611889
0641816
1212490
4794166
0827561
2909824
0366667
2707511
0339460
0000613
2600074
0068338
2576700
0227657
0742146
1428821
0011882
2553510
0492220
1514936
0971155
0387581
4007035
0005547
0617622
0092774
0834960
1734712
1038193
0001684
0108295
1745019
2702102
4442319
0024521
3100933
2415426
0004977
0865587
1799768
0429348
2102207
0822474
0657076
0396558
0142145
1816154
0001696
0004883
1377001
0994323
0204920
0385029
2998239
0244154
0853231
4131608
1732403
2500339
2466033
6188016
0655782
0876300
3614913
0108287
1176676
1391090
0174021
3666718
0807351
0004966
2932097
1733488
2444042
0036571
0791570
0217481
1827939
1035682
3630292
2143237
0035488
2336967
2427078
1884645
0000568
0378112
0949424
1827352
1764103
0000585
2327397
0000268
0863599
3844924
3333183
3265368
0599639
1392188
0460912
0773932
3037833
0437727
0005424
4522267
0859394
0788202
3171360
1650932
2068458
2248149
0673497
2796058
1676341
2901344
1559338
1342727
1138219
0461543
2823130
3688509
0197855
1071140
0507659
4578203
0096988
0687947
0000114
1947834
1987276
1240908
1664127
0002913
0410171
0680369
2978540
1851772
0171162
3499499
1013338
0745780
1218053
0612734
0403937
2953573
1748388
0130437
0004805
0304599
1532807
3459560
4193003
2899476
0455767
3042854
4550086
0085312
0923210
4446467
0001468
0136572
1195622
0172702
2483929
2044686
0931507
0918021
1740092
1380166
0001039
0812714
3014305
1246238
2215706
1502475
0061223
0181687
2131971
2064895
2341193
1840659
0121559
2773149
0167086
0515453
2400045
0875810
1337350
2335615
0370892
2721618
1900782
1600768
0397121
2459667
4573256
1743191
0299140
0169934
0000249
1131557
1443609
0000656
0004834
1407022
2315497
0000415
1009333
0005281
0744302
2765697
0004822
3072911
0070810
0313462
1851313
2466502
2546012
0519440
0616091
3995646
1822501
1302591
3981496
2840008
0657357
0197405
1521007
1766243
1211523
3461570
3374198
0000554
0065059
1443610
1636787
0037423
1072657
0908700
1617132
2281085
0471381
3785067
1492784
2221236
1336595
1444462
0001496
0163988
2023000
0745184
5713413
2023050
2239431
0008826
0001804
1242668
0001844
5101061
0000884
0302916
1192254
1115737
0000663
3966682
1515741
1682420
0814259
2772523
0502073
0799591
0652619
0863231
3178852
0652514
1565817
1296548
2631090
0215502
2204429
0835725
5625014
0006969
0001836
5105498
1152785
1706881
2057569
1760520
0722298
0076328
2524048
0818111
1728588
0001044
1591849
0001621
5587543
0539137
2263666
2656869
2460341
1951187
0627973
0597223
0905592
1315611
1390614
0723415
3822892
3858115
0532531
0002936
0443824
0790688
1581670
0630100
1997902
1087375
1676649
0004990
0487405
0565980
0933092
4164873
0397599
0005245
0648913
1729423
0000317
0584297
1970465
1011472
0314524
0227888
1417948
4185974
1053523
0004741
2980745
0132709
1075208
0368689
1433900
1796057
2650819
0001302
3375229
0005508
4527107
0175621
1927425
3028129
0951133
1601397
0001472
0003697
0004729
2929749
0386215
0277213
1676223
0355370
0001129
3857893
0476201
2498781
3058533
1450183
0001240
0000321
0572721
0471036
2391440
2452327
2775119
3797727
0650751
0267902
2434696
1085051
1869101
2254914
2895066
2798112
1075644
1018007
2358540
2909628
4416000
0004895
2512132
0589933
0747114
3495777
0798076
0126021
1027039
3312712
1111656
0379596
0004779
0004727
0779084
1002641
1463426
1029957
2740316
0051397
1375330
0000319
1594313
2167817
0532900
0711840
2921091
0005151
3018183
1462915
1311821
1206855
2796989
1921971
0005038
4546107
0006888
0724757
1023092
0498536
0539616
1482510
0341152
0594924
2838726
0271657
4733211
2142796
3011272
1892299
2084991
2875233
0592436
0005128
0643234
0154632
0854702
0836121
2396859
2700631
3241167
0827170
0924282
2197715
0000108
0000670
1296984
0001607
0373282
0137594
1731421
0906031
0727353
0004900
1277177
2408298
0222989
0289512
1648016
1111968
0005010
0241983
0469671
0534772
2172930
0371495
0191442
3428515
0870206
0159507
0799001
0842195
0708293
0443577
0780822
0356358
1559935
0829134
0069109
2126645
2357283
0722269
1614819
3459751
0808917
0126284
0213354
0001407
3568265
0934113
3617800
1564771
6432391
2006231
0444621
1290417
1246047
0309307
1177614
1035423
0164918
0424588
2523880
3732895
0733263
0550929
2793783
2255441
3150133
0004757
0360910
2915838
5350882
0184965
0391274
0716106
0936493
1869872
2099806
1098398
2535228
0672205
1011388
0193554
3004243
1089991
3860376
0396812
2476331
0307531
0001200
0059431
2043761
2415565
2507757
1460812
0001317
0241049
0001790
0641063
0001833
3073428
0000464
1466205
1682319
0316805
0516266
2939490
0573275
6152976
4137167
3432141
0150255
0195921
1549838
0629653
0203308
2583654
0680307
3019017
2854131
0444098
1696978
0001594
0336271
4147558
0000473
0001839
0337965
0826691
3435598
5553911
1541944
0005474
1080835
0871393
0303073
1691239
2970551
4939017
2140860
0384060
0005025
0192377
0416164
0716257
0857107
0242753
0011042
5942362
3223614
0259264
0874358
2263115
2502988
1079863
2753740
0001742
0004801
1436209
3077700
1877441
1190087
2512626
0799433
0879781
2632625
3087405
2470538
1928172
0810620
0001713
0324134
0588340
0665235
0663854
2091145
4366054
2759933
6219361
1111200
0345740
3191505
0005026
0601376
0961547
0530308
3112131
0193691
3550714
3598625
0628601
0235888
3109458
0940851
1944279
1484804
3743316
1136546
1847089
2837493
3848020
2557831
0446798
0039148
1641251
0185404
0084312
0657760
0061877
1343864
3788989
0958386
0498782
0636354
0000170
2410133
0973729
2832584
2758480
1240513
1218713
6249350
2349726
0551346
2618951
5997749
2138080
0228490
3849008
1954240
2882072
0717709
1974397
0004818
0680846
3435752
0331516
1048128
0639782
3940524
0013037
5375322
1304328
2576909
5444355
0452962
0685856
0731075
0000238
1625427
1083395
2080363
0449466
2162024
0925033
0000357
0107197
0253035
0784884
0302704
0370782
1571044
1594380
0776040
1469820
4591670
0923529
0824481
2451445
0005124
0808902
0852132
0004994
0495095
1316530
2147715
0584100
4356874
0909578
0778642
0918424
0859434
1712157
3041467
0704590
0781913
1829558
1177914
2374841
3010926
0690754
1432037
3432881
0408309
1170124
1706076
0347342
3131306
0004719
4529293
5103952
2811944
0000214
0858776
1166528
0853364
0556850
2420359
0001733
0001117
0005347
3072243
5847762
1605049
0652445
1483241
1898746
2014390
0890055
0241121
0280055
1970824
1729162
0001796
0480897
0001793
2234564
0650525
0911056
0001838
0631788
0242294
0314514
0212772
0569962
1151096
0004820
0276934
0342970
0445477
0611673
0628542
0001852
0722992
1107178
0837609
1415284
2319154
3262524
2281929
0205127
0892383
1404408
0718646
0312454
0150330
0624468
2958549
2788053
0289344
1071898
0696169
1146243
1182496
1967109
3794375
3918709
1747034
1498784
0004808
2002649
0005389
1217506
1966660
1111184
2277748
2118394
1086604
1406238
3164017
1764012
1832357
0830652
1796676
0770174
0708903
0717564
1701136
0577329
2130040
0001851
0526158
0138840
0831479
1775807
0878597
0270194
0902279
0002944
0304065
1169011
0130860
0456186
0001083
2818553
0345573
1602660
1552976
2207150
0075788
1169619
5223413
0386645
0024780
5153308
2089090
0248676
0243233
0383966
0909620
0023832
0816800
1036524
0000422
0821817
1212722
0740535
2319252
2924903
3148464
0001323
0001406
0850234
3453476
0956531
2835835
0100989
0657676
4486486
4765240
0366846
1150775
1888211
1975142
0443821
0549538
2948685
0362473
0005359
2566554
0862295
5803970
1799098
0286033
5243044
0004095
0000610
0431520
0741242
1319098
1506644
3347235
0369754
0871240
1066514
0000916
1134702
0085400
0056187
0996198
0004349
1591928
3131124
0502671
0242756
1253211
0571636
0001194
1947581
1329780
1145611
0778741
1207676
0382791
1015355
2543078
2744525
0255309
0409262
0551908
1536169
1943895
3083571
0315041
0617141
2295474
0005142
2358356
5182593
1534125
2591727
0839730
2782855
1939221
0000133
1178856
2932967
0599215
0199842
3418975
0009716
0004790
1175262
1115889
1343939
3584006
2264383
2708846
1057812
1324090
0884852
4936479
2022849
0662391
0597410
0529130
0973648
0004770
4103692
1983393
1476805
3470692
1787864
3254521
0230525
1633423
0000437
1152798
0107666
1865090
0016589
0515301
3599667
0491952
0343325
1526352
0726584
2200553
0000816
0253708
0692677
0932992
1784231
2394430
1289484
5449559
0661917
1131540
0044489
2820035
1342513
1098602
1083151
0232198
0712550
0595485
1489037
2778261
2355337
0001556
0435942
1435830
2318855
5266282
1501294
1127901
0106207
2521967
0601423
2404313
2794962
1125938
0749263
0794896
1455681
0132113
0100785
0279209
0462673
0639928
2458584
2883948
0191747
1128418
2930119
3609965
0737963
0004969
1736769
0792888
0000486
0005041
1997480
2257466
1669944
0000960
0000981
1863451
5597972
0004930
0921031
0001538
1157048
0390903
0004996
3231002
0000579
1601762
0004734
4790982
1235963
1551130
0622817
0857275
0675114
1627748
1714914
0509937
0193295
3773346
1382630
0019133
3219778
0248469
1216008
0215293
1824751
1119340
3626493
0514879
0477209
1715275
2357821
0656739
1546206
0712826
1820866
0454221
0000293
0857101
0058983
0929931
0651086
2404921
0201022
0164841
0587234
0505949
0711805
1711829
0809938
0001652
0862962
0194516
0671567
0570364
1638294
2731980
0122407
0539082
2088161
3760378
0491321
0004109
1291827
1827571
1880390
0644406
1010852
1377184
0266824
3292846
4114445
0164809
0816648
0004947
0005515
0111232
2539953
0908351
1481222
0657734
3007480
1524098
1390106
2773352
0468772
2212031
2599414
1986867
0000756
1378589
3216157
5743918
2094577
1836666
1981931
1437902
0448317
0186117
3845245
0001697
0922755
0378161
0155150
1284632
1482584
1145057
2315616
0001701
3900523
2999417
1965867
2823310
0491259
0708338
0358007
0105226
2294492
4666955
0576879
1452302
0604784
0118682
0032962
3140568
3876919
4328139
0000653
2061371
0537567
0494107
5592004
3167372
0438463
0526616
0819782
1527475
3808021
0689237
3125601
0488953
